1 995 true - Varrock General Store - 1931 30 1935 10 5603 10 1925 30 1923 10 1887 10 590 10 2347 10 550 10
2 995 true - Thessalia's Clothing - 1005 10 1129 10 1059 10 1061 10 1757 10 1013 10 1015 10 1011 10 1007 10 950 10 428 10 426 10 1733 10 1734 1000
3 995 true - Zaff's Superior Staves - 1379 10 1389 10 1381 10 1383 10 1385 10 1387 10
4 995 true - Varrock Sword Shop - 1205 100 1203 100 1207 100 1209 100 1211 100 1277 100 1279 100 1281 100 1283 100 1285 100 1287 100 1291 100 1293 100 1295 100 1297 100 1299 100 1301 100
5 995 true - Tea Shop - 1978 10
6 995 true - Aubury's Rune Shop - 554 300 555 300 556 300 557 300 558 100 559 100 562 30 560 10
7 995 true - Lowe's Archery Emporium - 882 1000 884 100 886 100 888 100 890 30 877 300 841 10 839 10 843 10 845 10 849 10 843 10 849 10 847 10 853 10 851 10 1129 10 1059 100 1061 10 1095 10 1133 10 1097 10 1131 10
8 995 true - Horvik's Armour Shop - 1103 10 1101 10 1155 100 1153 100 1117 100 1115 100 1173 10 1175 10 1075 100 1067 100 1087 10 1081 10 1119 100 1125 10 1121 100
9 995 true - Crate - 2518 10
10 995 true - Harry's Fishing Shop - 303 10 307 10 311 1000 301 10 313 1000 305 10 317 1000 327 0 345 0 353 0 341 0 321 0 359 0 377 0 363 0 371 0 383 0
11 995 true - Authentic Throwing Weapons - 825 1000 826 1000 827 300 828 300 829 100 830 100 800 1000 801 1000 802 300 803 300 804 100 805 100
13 995 true - Jack's Crafting Store - 1755 10 1592 10 1597 10 1595 10 1733 10 1734 1000 1599 10 2976 10 5523 10 9434 10 11065 10
14 995 true - Magician's Robes Store - 4089 100 4091 100 4093 100 4095 100 4097 100
23 995 true - Ardougne Baker's Stall - 2309 10 1891 10 1901 10 1973 100
24 995 true - Ardougne Silver Stall - 1714 10 442 0 2355 0
25 995 true - Ardougne Gem Stall - 1607 0 1605 0 1603 0 1601 0
26 995 true - Ardougne Fur Stall - 948 10 958 10 10117 0 10121 0 10119 0 10123 0 10093 0 10095 0 10097 0 10099 0 10101 0 10103 0
27 995 true - Ardougne Spice Stall - 2007 10 946 10 1550 10
28 995 true - Zenesha's Platebody Shop - 1117 10 1115 10 1119 10 1125 10 1121 10
29 995 true - Aemad's Adventuring Supplies - 227 10 1265 10 1349 10 2142 10 590 10 1759 100 882 1000 954 10 970 10 946 10 1935 10
30 995 true - Wydin's Food Store - 1933 500 2132 10 2138 10 1965 10 1963 0 1951 0 2309 0 1973 0 1985 0 1982 10 1942 10 1550 10
31 995 true - Gerrant's Fishy Business - 303 10 307 10 309 10 311 1000 301 10 313 1000 314 1000 317 0 327 10 345 0 321 0 335 0 349 0 331 0 359 0 377 0 371 0
32 995 true - Grum's Gold Exchange - 1635 0 1637 0 1639 0 1641 0 1643 0 1654 0 1656 0 1658 0 1660 0 1662 0 1692 0 1694 0 1696 0 1698 0 1700 0 11069 0 11072 0 11076 0 11085 0 11092 0
33 995 true - Brian's Battleaxe Bazaar - 1375 10 1363 10 1365 10 1367 10 1369 10 1371 10
34 995 true - Betty's Magic Emporium - 554 300 555 300 556 300 557 300 558 100 559 100 562 30 560 10 221 300 579 10 1017 10
35 995 true - Gem Trader - 1623 0 1621 0 1619 0 1617 0 1607 0 1605 0 1603 0 1601 0
36 995 true - Zeke's Superior Scimitars - 1321 10 1323 10 1325 10 1329 10
37 995 true - Louie's Armoured Legs Bazaar - 1075 10 1067 10 1069 10 1077 10 1071 10 1073 10
38 995 true - Ranael's Super Skirt Store - 1087 10 1081 10 1083 10 1085 10 1089 10 1091 10
39 995 true - Richard's Farming Shop - 5341 10 5343 10 1735 10 952 10 5325 10 5331 10 5354 100 6032 100 6032 300 1925 100 5418 10 5376 10 1942 0 1957 0 1965 0 1982 0 5986 0 5504 0 5982 0 5994 0 5996 0 5998 0 6000 0 6002 0 5931 0 6006 0 6036 10
40 995 true - Legends Guild General Store - 373 10 2323 10 121 10 886 10
41 995 true - Legends' Guild Shop of Useful Items - 299 500 1590 10 1542 10 2366 10 1052 10
42 995 true - Bandit Bargains - 1823 30 1831 30 1937 10 1921 10 1929 10 1935 10 1923 10 1925 30 1837 10 1833 10 1835 10 946 10
43 995 true - Peksa's Helmet - 1139 10 1137 10 1141 10 1143 10 1145 10 1155 10 1153 10 1157 10 1165 10 1159 10 1161 10
44 995 true - Flynn's Mace Market - 1422 10 1420 10 1424 10 1428 10 1430 10
45 995 true - Cassie's Shield Shop - 1171 10 1173 10 1189 10 1175 10 1191 10 1177 10 1193 10 1181 10
46 995 true - Herquin's Gems - 1623 0 1621 0 1619 0 1617 0 1607 0 1605 0 1603 0 1601 0
47 995 true - Wayne's Chains - 1103 10 1101 10 1105 10 1107 10 1109 10
48 995 true - Garden Centre - 8417 10 8419 10 8421 10 8423 10 8425 10 8427 10 8429 10 8431 10 8433 10 8435 10 8451 10 8453 10 8455 10 8457 10 8459 10 8461 10 8437 10 8439 10 8441 10 8443 10 8445 10 8447 10 8449 10
49 995 true - Warriors' Guild Potion Shop - 115 10 121 10 133 10
50 995 true - Warriors' Guild Food Shop - 333 10 365 10 2289 10 6705 10 2003 10
51 995 true - Warrior's Guild Armoury - 1363 10 1365 10 1369 10 1277 10 1279 10 1281 10 1283 10 1285 10 1287 10 1291 10 1293 10 1295 10 1297 10 1299 10 1301 10 1205 10 1203 10 1207 10 1209 10 1207 10 1217 10 1209 10 1211 10 1422 10 1420 10 1424 10 1428 10 1430 10 1307 10 1309 10 1311 10 1313 10 1315 10 1317 10 1103 10 1101 10 1105 10 1139 10 1137 10 1141 10
52 995 true - Gaius's Two-Handed Shop - 1307 10 1309 10 1311 10 1313 10 1315 10 1317 10
53 995 true - Happy Heroes' H'emporium - 1377 10 1434 10
54 995 true - Slayer Equipment - 4155 300 4156 10 4158 10 4150 3000 4161 1000 4162 10 4164 10 4166 10 4168 10 4170 10 4551 10 6664 1000 6696 1000 6708 10 7051 10 7159 10 7421 10 7432 1000 8923 10 10952 10
55 995 true - Jatix's Herblore Shop - 229 10 233 10 221 10
56 995 true - The Pick and Lute - 1917 10 1907 10 1913 10
57 995 true - Martin Thwait's Lost and Found - 954 10 1523 10 1755 10 946 10 5560 10 864 100 863 100 865 100 3095 100 3096 100 3097 100
58 995 true - Bob's Brilliant Axes - 1265 10 1351 10 1349 10 1353 10 1363 10 1365 10 1369 10
59 995 true - Hickton's Archery Emporium - 877 300 882 1000 884 1000 886 0 888 0 890 0 892 0 4773 0 4778 0 4783 0 4788 0 4793 0 4798 0 4803 0 39 100 40 100 41 100 42 100 43 10 44 10 841 10 839 10 837 10 843 10 845 10 4827 10 1133 10 1097 10 9785 1 9783 1 9784 1
60 995 true - Candle Shop - 36 10 38 10
61 995 true - Arhein's Store - 1925 30 1265 10 1923 10 1887 10 590 10 1755 10 2347 10 954 10 1931 10 946 10
62 995 true - Rasolo the Wandering Merchant - 1969 10 2023 10 740 10 1215 30 550 10 1925 10 1941 10 273 10 970 10 975 10 1599 10 2976 10 1823 30 1837 10 1854 300 2524 10 3377 10 2894 10 1909 10 3787 10 3711 10 3678 10 3424 10 3420 10 5 10
63 995 true - Blurberry's Bar - 2028 10 2030 10 2032 10 2034 10 2036 10 2038 10 2040 10
64 995 true - Rometti's Fine Fashions - 646 30 648 30 650 30 652 30 654 30 656 30 658 30 660 30 662 30 664 30 636 30 638 30 640 30 642 30 644 30 626 30 628 30 630 30 632 30
65 995 true - Grand Tree Groceries - 2171 10 2128 10 1933 10 2169 10 1957 10 1942 10 1965 10 1982 10 1985 10 6293 10 6295 10 2120 10 2108 10 2102 10 2114 10 2126 10 2025 10 1973 10 1975 10 2130 10 1927 10 946 10 2167 10 2164 10 2165 10 2166 10
66 995 true - Gianne's Restaurant - 2227 10 2219 10 2221 10 2225 10 2223 10 2233 10 2187 10 2195 10 2185 10 2205 10 2217 10 2209 10 2241 10
67 995 true - Gulluck and Sons - 882 1000 877 300 880 0 841 10 839 10 837 10 39 100 40 100 41 100 42 100 1349 100 1353 100 1363 100 1365 100 1369 100 1307 100 1309 100 1311 100 1313 100 1315 100
68 995 true - Funch's Fine Groceries - 2021 10 2019 10 2015 10 2017 10 2114 10 2128 10 2108 10 2120 10 2126 10 2025 10 1973 10 1975 10 2130 10 1927 10 946 10 2023 10 2026 10
69 995 true - Oziach's Armour - 1127 10 1135 10
70 995 true - Pollnivneach General Store - 1931 30 1935 10 1823 30 1833 10 1837 10 1925 10 4593 10 4591 10 1985 10 2120 10 1982 10 1937 10 1921 10
71 995 true - Shantay Pass Shop - 1823 30 1831 30 1937 10 1921 10 1929 10 946 10 1833 10 1835 10 1837 10 2349 0 314 1000 2347 10 1925 30 1923 10 1935 10 1854 300 954 100
72 995 true - Rok's Chocs Box - 6794 10 1973 10
73 995 true - Nardah Hunter Shop - 10010 10 10012 300 10025 300 10150 10 10006 10 10008 10 10029 10 596 10 10031 10
74 995 true - Seddu's Adventurers Store - 1093 10 1079 10 1113 10 1099 10 1065 10 1193 10 1151 10
75 995 true - Frenita's Cookery Shop - 2313 10 1955 0 1887 10 1923 10 1942 10 590 10 1935 10 1931 30 1973 10 1933 500 1980 10
76 995 true - Castle Wars Ticket Exchange - 4071 999999999 4069 999999999 4070 999999999 4072 999999999 4068 999999999 4506 999999999 4504 999999999 4505 999999999 4507 999999999 4503 999999999 4511 999999999 4509 999999999 4510 999999999 4512 999999999 18705 999999999 18706 999999999 18707 999999999 18708 999999999 18709 999999999 4508 999999999 4513 999999999 4514 999999999 4515 999999999 4516 999999999 4055 999999999 18739 999999999 18740 999999999 18741 999999999 18742 999999999 18743 999999999 18744 999999999 18745 999999999 18746 999999999 18710 999999999 18711 999999999 18712 999999999 18713 999999999 18714 999999999
77 995 true - Uglug's Stuffsies - 4844 10 10927 0 1777 0 2876 0 2878 10 4850 0 946 10 4773 0 4778 0 4783 0 4788 0 4793 0 4798 0 4803 0 4827 10
78 995 true - Grud's Herblore Stall - 229 10 233 10 221 10
79 995 true - Hunting Supplies - 10010 5 10012 30 10150 5 10006 20 9950 1 9948 1 9949 1
80 995 true - Gift Shop - 1351 10 1925 30 2878 10 1931 30 314 1000 2347 10 946 10 2866 100 954 10 590 10
81 995 true - Fresh Meat - 2140 10 2878 0 7228 0 2142 10 3228 10 2136 300 9986 0 2132 300 9978 10 2138 10 2876 0 7566 0 2337 0 3226 100 9988 0 9980 0 9992 0 9984 0 7230 0 7224 0
82 995 true - Moon Clan Fine Clothes - 9068 10 9069 10 9070 10 9071 10 9072 10 9073 10 9074 10 1733 10 1734 1000
83 995 true - Fremennik Fishmonger - 303 10 307 10 309 10 311 30 301 10 313 1000 314 1000 305 10 317 10 327 10 345 0 353 0 341 0 321 0 335 0 349 0 331 0 359 0 377 0 363 0 371 0 383 0
84 995 true - Sigmund the Merchant - 590 10 954 10 233 10 1931 30 2142 10 2309 10 952 10 36 10 1755 10 2347 10 229 10 227 10 1925 30 1929 10 1944 10 1942 10 1965 10
85 995 true - Fremennik Fur Trader - 948 10 958 10 10117 0 10121 0 10119 0 10123 0 10093 0 10095 0 10097 0 10099 0 10101 0 10103 0
86 995 true - Yrsa's Accountrements - 3775 10 3773 10 3767 10 3769 10 3771 10 3793 10 3795 10 3797 10 3799 10 3791 10 3765 10 3763 10 3761 10 3759 10 3777 10 3779 10 3781 10 3783 10 3785 10 3787 10 3789 10
87 995 true - Skulgrimen's Battle Gear - 1337 10 1335 10 1339 10 1341 10 1343 10 1345 10 1347 0 3749 10 3751 10 3753 10 3755 10
88 995 true - Ore Store - 436 10 438 10 440 0 442 0 453 0 444 0 447 0 449 0
89 995 true - Armour Shop - 1109 10 1143 10 1159 10 1181 10 1197 10 1071 10 1085 10 1121 10
90 995 true - Weapons Galore - 1299 10 1343 10 1369 10 3099 10 1315 10
91 995 true - Un-used Store - 1 1
92 995 true - Flosi's Fishmongers - 377 0 359 0 331 0 341 0 371 0 383 0
93 995 true - Neitiznot Supplies - 946 10 2347 10 1734 1000 1733 10 4819 10 1351 10 1759 100
94 995 true - Nulodion's Multicannon Parts - 6 10 8 10 10 10 12 10 5 10 4 10
95 995 true - Nurmof's Pickaxe Shop - 1265 10 1267 10 1269 10 1273 10 1271 10 1275 10
96 995 true - Crossbow Shop - 9440 10 9442 10 9444 10 9446 10 9448 10 9450 10 9452 10 9420 10 9423 10 9425 10 9427 10 9429 0 9431 0 9174 0 9177 0 9179 0 9181 0 9183 0 9185 0
97 995 true - Fortunato's Fine Wine - 1993 10 1935 10 7919 10
98 995 true - Diango's Toy Store - 2520 10 2522 10 2524 10 2526 10 4613 10
99 995 true - Draynor Seed Market - 5318 10 5319 10 5324 10 5322 0 5320 0 5323 0 5321 0 5305 10 5306 10 5097 10 5096 10 5307 10 5308 10 5309 10 5310 10 5311 10
100 995 true - Brian's Archery Supplies - 886 100 888 30 890 0 843 10 845 10 849 10 847 10 853 10 851 10
101 995 true - Rommik's Crafty Supplies - 1755 10 1592 10 1597 10 1595 10 1733 10 1734 1000 1599 10 2976 10 5523 10 9434 10 11065 10
102 995 true - Roavar's Bar - 2955 999999999
103 995 true - Rufus's Meat Emporium - 2132 100 2138 30 2134 10 2136 10 335 0 349 0 331 0 383 0
104 995 true - Barker's Harberdashery - 2894 10 2896 10 2898 10 2900 10 2902 10 2904 10 2906 10 2908 10 2910 10 2912 10 2914 10 2916 10 2918 10 2920 10 2922 10 2924 10 2926 10 2928 10 2930 10 2932 10 2934 10 2936 10 2938 10 2940 10 2942 10 1007 10 1019 10 1021 10 1023 10 1027 10
105 995 true - Alice's Farming Shop - 5341 10 5343 10 5329 10 952 10 5325 10 5331 30 5354 100 6032 300 1925 100 5418 10 5376 10 1942 0 1957 0 1965 0 1982 0 5986 0 5504 0 5982 0 5994 0 5996 0 5998 0 6000 0 6002 0 5931 0 6006 0 6036 10
106 995 true - Ak-Haranu's Exotic Shop - 4740 100
107 995 true - Trader Stan's Trading Post - 1931 30 1935 10 1735 10 1925 30 1923 10 1887 10 590 10 1755 10 2347 10 550 10 9003 10 954 10 946 10 2114 0 1963 10 2108 0 1785 10 1783 0 401 0 592 0 301 10 307 10 1941 10 9629 10 3226 10 1025 10 6014 0
108 995 true - Aurel's Supplies - 1351 10 590 10 3363 10 353 10 952 10
109 995 true - Khazard General Store - 1265 10 1931 30 1935 10 1735 10 1925 30 590 10 1755 10 2347 10 954 10 1933 500 583 10 1941 1000 946 10
110 995 true - Davon's Amulet Store - 1718 0 1694 0 1696 0 1698 0 1700 0
111 6529 true - TzHaar-Hur-Roh's Rune Store - 554 1000 555 1000 556 1000 557 1000 558 1000 559 1000 562 300 560 100
112 6529 true - TzHaar-Hur-Lek's Ore and Gem Store - 438 5 436 5 440 2 1623 1 1621 1 6571 1 9194 50
113 6529 true - TzHaar-Hur-Tel's Equipment Store - 6522 10 6523 10 6524 10 6525 10 6526 10 6527 10 6528 10 6568 10
114 995 true - The Shrimp and Parrot - 347 10 339 10 361 10 379 10 373 10 3144 10
115 995 true - Jiminua's Jungle Store - 590 10 36 10 596 10 1931 30 954 10 1129 10 1059 10 1061 10 2142 10 2309 10 229 300 227 300 233 10 175 10 970 10 973 10 946 10 2347 10 975 10 1755 10 952 10 1351 10 1265 10 1349 10
116 995 true - Obli's General Store - 590 10 229 10 233 10 1931 30 1351 10 1265 10 1349 10 1129 10 1059 10 1061 10 2142 10 2309 10 952 10 36 10 596 10 1755 10 2347 10 970 10 973 10 227 10 975 10 954 10
117 995 true - Fernahei's Fishing Hut - 307 10 309 10 313 1000 314 1000 335 10 349 10 331 10
118 995 true - Trader Sven's Black Market Goods - 9644 10 9640 10 9642 10 9636 10 9638 10 9634 10
119 995 true - Dodgy Mike's Second Hand Clothing - 7130 10 7136 10 7124 10 7112 10 7114 10 7132 10 7138 10 7116 10 7126 10 7128 10 7134 10 7110 10 7122 10
120 995 true - 'Two Feet' Charley's Fish Shop - 321 10 363 0 341 10 345 10 377 0 353 10 327 10 317 10 371 0 359 0
121 995 true - Honest Jimmy's House of Stuff - 8956 10 8995 10 8963 10 8952 10 8991 10 8959 10 8968 10 8955 10 8994 10 8962 10 8966 10 8953 10 8992 10 8960 10 8958 10 8997 10 8965 10 8967 10 8969 10 8971 10 8957 10 8996 10 8964 10 8954 10 8993 10 8961 10 8941 10 8940 10 8988 10 8970 10
122 995 true - Harpoon Joe's House of Rum - 1917 10 7157 10 1993 10 2003 10
123 995 true - Smithing Smith's Shop - 1321 10 2347 10 7141 999999999 1323 10 7140 999999999 1329 10 7142 999999999 1325 10
124 995 true - Blackjack Seller - 6412 10
125 995 true - Blades By Urbi - 1211 10 1217 0 1205 10 1321 10 1215 10 1203 10 1323 10 1209 10 1213 10 1207 10 1325 10
126 995 true - The Spice Is Right - 175 10 5970 0 1931 30 2169 10
127 995 true - Raetul and Co's Cloth Store - 1837 10 1835 10 1833 10 4684 10 1733 10 950 10 1734 1000
128 995 true - Nathifa's Bake Stall - 2309 10 1891 10 1901 10 1823 30
129 995 true - Jamila's Craft Stall - 1595 10 11065 10 1755 10 1599 10 1597 10 1733 10 1592 10 2976 10 1734 1000 5523 10
130 995 true - Etceteria Fish - 305 10 314 1000 313 1000 307 10 309 10 311 30 301 10 321 0 363 0 341 0 345 0 377 0 353 0 349 0 331 0 327 0 383 0 317 0 371 0 335 0 359 0 303 10
131 995 true - Lletya Seamstress - 1759 100 1767 10 1771 10 1733 10 1769 10 1773 10 1763 10 1734 1000 1765 10
132 995 true - Lletya Food Store - 2309 10 1891 10 1985 10 1993 10 379 10
133 995 true - Lletya Archery Shop - 890 100 877 1000 837 10 884 1000 888 100 845 10 843 10 892 30 886 300 847 10 849 10
134 995 true - The Milk Shop - 1927 200
135 995 true - Beefy Bill's Supplies - 882 30 1173 10 1277 10 1929 10 1887 10 1949 10 1931 30 1937 10 2313 10 1951 10 1735 10 841 10 1969 10 590 10
136 995 true - Candle Seller - 36 999999999
137 995 true - Quartermaster's Stores - 3200 10 3196 10 2309 10 3190 10 3204 10 1931 30 3192 10 1935 10 3198 10 3202 10 1735 10 3194 10 590 10
139 995 true - Jukat - 1215 30 1305 10
140 995 true - Irksol - 1641 10
141 995 true - Aaron's Archery Appendages - 1169 10 1131 10 1129 10 1095 10 1167 10 1063 10 1133 10 1097 10 9758 1 9756 1 9757 1
142 995 true - Dargaud's Bow and Arrows - 882 1000 884 300 886 300 888 100 890 100 892 100 4773 0 4778 0 4783 0 4793 0 4798 0 4803 0 52 1000 39 300 40 300 41 100 42 100 43 100 44 30 841 10 839 10 843 10 845 10 849 10 847 10
143 995 true - Ifaba's General Store - 1925 30 1931 30 2347 10 1935 10 954 10 590 10
144 995 true - Daga's Scimitar Smithy - 1321 10 4587 10 1323 10 1329 10 1325 10
145 995 true - Tutab's Magical Market - 556 1000 557 1000 4008 10 554 1000 563 100 4006 10 4023 10 555 1000
146 995 true - Hamab's Crafting Emporium - 1759 100 11065 10 1755 10 4020 10 1597 10 1733 10 1592 10 1734 1000
147 995 true - Solihib's Food Shop - 1963 10 4016 10 4014 100 4012 100
148 995 true - Pickaxe-Is-Mine - 1265 10 1269 10 1273 10 1271 10 1275 10
149 995 true - Keldagrim's Best Bread - 2309 10 1891 10 1901 10
150 995 true - Silver Cog Silver Stall - 2355 10 442 10 1714 10
151 995 true - Green Gemstone Gems - 1607 0 1605 0 1603 0 1601 0
152 995 true - Carefree Crafting Stall - 1759 10 1755 10 1597 10 1733 10 1592 10 1734 1000
153 995 true - Vermundi's Clothing Stall - 5030 10 5042 10 950 10 5048 10 5036 10 5024 10
155 995 true - Vigr's Warhammers - 1337 10 1335 10 1339 10 1341 10 1343 10 1345 10
156 995 true - Quality Armour Shop - 1107 10 1105 10 1109 10 1195 10 1177 10 1141 10 1143 10 1145 10
157 995 true - Quality Weapons Shop - 888 100 890 100 1295 10 1365 10 1325 10 1297 10 1369 10 1285 10 1287 10 1303 10 851 10 853 10
158 995 true - Keldagrim Stonemason - 8784 30 3420 500 8788 30 8786 30
159 995 true - Gunslik's Assorted Supplies - 1925 30 36 10 973 10 1755 10 2347 10 1935 10 1059 10 233 10 954 10 590 10 596 10 229 300
160 995 true - Agmundi Quality Clothes - 5034 10 5032 10 5046 10 5044 10 5052 10 5050 10 5040 10 5038 10 5028 10 5026 10
161 995 true - Lumbridge General Store - 1931 30 1935 10 1735 10 1925 30 1923 10 1887 10 590 10 1755 10 2347 10 550 10 9003 10
162 995 true - Bob's Brilliant Axes - 1265 10 1351 10 1349 10 1353 10 1363 10 1365 10 1369 10
163 995 true - Culinaromancer's Chest - 1973 300 1985 10 1982 10 1955 50 1987 5 1933 100 2283 1 1944 10 1927 10 2130 10 6697 10 2007 10 2313 10 1887 10 1923 10 1935 10 1931 10 1980 10 1925 10
164 995 false - Culinaromancer's Chest - 7453 10500 7454 10500 7455 10500 7456 10500 7457 10500 7458 10500 7459 10500 7460 10500 7461 10500 7462 10500
165 995 true - Edgeville General Store - 1931 30 1935 10 1735 10 1925 30 1923 10 1887 10 590 10 1755 10 2347 10 550 10 9003 10
166 995 false - Thessalia's Fine Clothes - 1005 10 1129 10 1059 10 1061 10 1013 10 1015 10 1011 10 1007 10 950 10 426 10 428 10
167 995 false - Drogo's mining Emporium - 2347 10 1265 10 436 0 438 0 440 0 453 0 2349 0 2351 0 2357 0
168 995 true - Dwarven Shopping Store - 1931 30 1935 10 1735 10 1925 30 590 10 1755 10 2347 10
169 995 false - Nurmof's Pickaxe Shop - 1265 10 1267 10 1269 10 1273 10 1271 10 1275 10
170 995 false - Scavvo's Rune Store - 1093 10 1079 10 1432 10 1113 10 1289 10 1303 10 1099 10 1065 10 1169 10
171 995 true - Valaine's Shop of Champions - 1019 10 1165 10 1077 10 1123 10
172 995 true - Lumbridge Fishing Suplies - 303 5 307 10 309 10 13431 10 313 1000 314 1000 317 0 327 0 345 0 321 0 335 0 349 0 331 0 13435 0
181 995 true - Rimmington General Store - 1931 30 1935 10 1735 10 1925 30 1923 10 1887 10 590 10 1755 10 2347 10 550 10 9003 10
182 995 false - Sword Store - 1277 10500 1279 10500 1281 10500 1283 10500 1285 10500 1287 10500 1289 10500 2402 10500 6746 10500
183 995 false - Longsword Store - 1291 10500 1293 10500 1295 10500 1297 10500 1299 10500 1301 10500 1303 10500 1305 10500
184 995 false - Scimitar Store - 1321 10500 1323 10500 1325 10500 1327 10500 1329 10500 1331 10500 1333 10500 4587 10500
185 995 false - Two-handed Sword Store - 1307 10500 1309 10500 1311 10500 1313 10500 1315 10500 1317 10500 1319 10500 7158 10500
186 995 false - Dagger Store - 1205 10500 1203 10500 1207 10500 1217 10500 1209 10500 1211 10500 1213 10500 1215 10500 5698 10500
187 995 false - Battleaxe Store - 1375 10500 1363 10500 1365 10500 1367 10500 1369 10500 1371 10500 1373 10500 1377 10500
188 995 false - Mace Store - 1422 10500 1420 10500 1424 10500 1426 10500 1428 10500 1430 10500 1432 10500 1434 10500
189 995 false - Halberd Store - 3190 10500 3192 10500 3194 10500 3196 10500 3198 10500 3200 10500 3202 10500 3204 10500
190 995 false - Ammo Store - 882 175000 884 175000 9140 175000 886 175000 9141 175000 888 175000 9142 175000 890 175000 9143 175000 892 175000 9144 175000 11212 175000 9341 175000 878 175000 879 175000 9335 175000 9336 175000 9337 175000 9338 175000 9339 175000 9340 175000 9341 175000 9342 175000 9236 175000 9237 175000 9238 175000 9239 175000 9240 175000 9241 175000 9242 175000 9243 175000 9244 175000 9245 175000
191 995 false - Shortbow Store - 841 10500 843 10500 849 10500 853 10500 857 10500 861 10500
192 995 false - Longbow Store - 839 10500 845 10500 847 10500 851 10500 855 10500 859 10500
193 995 false - Rune Store - 554 175000 555 175000 556 175000 557 175000 558 175000 559 175000 560 175000 561 175000 562 175000 563 175000 564 175000 565 175000 565 175000 566 175000 9075 175000 4694 175000 4695 175000 4696 175000 4697 175000 4698 175000 4699 175000
194 995 false - Staff Store - 1381 10500 1397 10500 1383 10500 1395 10500 1385 10500 1399 10500 1387 10500 1393 10500 4675 10500
195 995 false - Wand Store - 6908 10500 6910 10500 6912 10500
196 995 false - Bronze Armour Store - 1139 10500 1155 10500 1103 10500 1117 10500 1087 10500 1075 10500 1173 10500 1189 10500 4119 10500
197 995 false - Iron Armour Store - 1137 10500 1153 10500 1101 10500 1115 10500 1081 10500 1067 10500 1175 10500 1191 10500 4121 10500
198 995 false - Steel Armour Store - 1141 10500 1157 10500 1105 10500 1119 10500 1083 10500 1069 10500 1177 10500 1193 4123 10500
199 995 false - Black Armour Store - 1151 10500 1165 10500 1107 10500 1125 10500 1089 10500 1077 10500 1179 10500 1195 4125 10500
200 995 false - Mithril Armour Store - 1143 10500 1159 10500 1109 10500 1121 10500 1085 10500 1071 10500 1181 10500 1197 4127 10500
201 995 false - Adamant Armour Store - 1145 10500 1161 10500 1111 10500 1123 10500 1091 10500 1073 10500 1183 10500 1199 4129 10500
202 995 false - Rune Armour Store - 1147 10500 1163 10500 1113 10500 1127 10500 1093 10500 1079 10500 1185 10500 1201 4131 10500
203 995 false - Dragon Armour Store - 1149 10500 11335 10500 3140 10500 14479 10500 4585 10500 4087 10500 1187 10500 1540 10500
204 995 false - Green Dragonhide Armour Store - 12936 10500 1135 10500 1099 10500 1065 10500
205 995 false - Blue Dragonhide Armour Store - 12943 10500 2499 10500 2493 10500 2487 10500
206 995 false - Red Dragonhide Armour Store - 12950 10500 2501 10500 2495 10500 2489 10500
207 995 false - Black Dragonhide Armour Store - 12957 10500 2503 10500 2497 10500 2491 10500
208 995 false - Leather Armour Store - 1167 10500 1129 10500 1095 10500 1063 10500 1061 10500 1133 10500 1097 10500
209 995 false - Snakeskin Armour Store - 6326 10500 6322 10500 6324 10500 6330 10500 6328 10500
210 995 false - Wizard Robe Store - 579 10500 577 10500 1011 10500 2579 10500 1017 10500 581 10500 1015 10500
211 995 false - Mystic Robe Store - 4089 10500 4091 10500 4093 10500 4095 10500 4097 10500 4099 10500 4101 10500 4103 10500 4105 10500 4107 10500 4109 10500 4111 10500 4113 10500 4115 10500 4117 10500
212 995 false - Dagon'hai Robe Store - 14499 10500 14497 10500 14501 10500
213 995 false - Enchanted Robe Store - 7400 10500 7399 10500 7398 10500
214 995 false - General Skilling Store - 1265 10500 2347 10500 1755 10500 1351 10500 946 10500 590 10500 1735 10500
215 995 false - Woodcutting Store - 1351 10500 1349 10500 1353 10500 1361 10500 1355 10500 1357 10500 1359 10500
216 995 false - Mining Store - 1265 10500 1267 10500 1269 10500 1273 10500 1271 10500 1275 10500
217 995 false - Fishing Store - 313 175000 314 175000 15263 175000 13431 10500 303 10500 307 10500 305 10500 309 10500 311 10500 301 10500
218 995 false - Smithing Store - 2347 10500 437 175000 439 175000 454 175000 441 175000 443 175000 445 175000 448 175000 450 175000 452 175000
219 995 false - Runecrafting Store - 1437 175000 7937 175000 1438 10500 1440 10500 1442 10500 1444 10500 1446 10500 1448 10500 1450 10500 1452 10500 1454 10500 1456 10500 1458 10500 1460 10500 1462 10500 5527 10500 5529 10500 5531 10500 5533 10500 5535 10500 5537 10500 5539 10500 5541 10500 5543 10500 5541 10500 5543 10500 5545 10500 5547 10500 5549 10500 5551 10500
220 995 false - Hunter Store - 10150 10500 10006 10500 10010 10500 10012 10500 10008 10500 10031 10500 10029 10500 10025 10500
221 995 false - Crafting Store - 946 10500 1762 10500 1738 10500 1780 10500 9437 10500 6044 10500 10815 10500 1626 175000 1628 175000 1630 175000 1624 175000 1622 175000 1620 175000 1618 175000 1632 175000 6572 175000
222 995 false - Cooking Store - 946 10500 1923 10500 1931 10500 1925 10500 1935 10500
223 995 false - Summoning Store - 12183 175000 12155 175000 2859 10500 2138 10500 440 10500 2134 10500 6010 10500 1963 10500 237 10500 3226 10500 10818 10500
224 995 false - General Farming Store - 5341 10500 952 10500 5343 10500 5331 10500 5329 10500 6036 10500 6032 10500 6034 10500
225 995 false - Vegetable and Fruit Seed Store - 5318 175000 5319 175000 5324 175000 5322 175000 5320 175000 5323 175000 5321 175000
226 995 false - Herb Seed Store - 5291 175000 5292 175000 5293 175000 5294 175000 5295 175000 5296 175000 5297 175000 5298 175000 5299 175000 5300 175000 5301 175000 5302 175000 5303 175000 5304 175000
227 995 false - Flower Seed Store - 5096 175000 5097 175000 5098 175000 5099 175000 5100 175000
228 995 false - Tree Sapling Store - 5370 10500 5371 10500 5372 10500 5373 10500 5374 10500
229 995 false - General Fletching Store - 0 0
230 995 false - Bow Fletching Store - 1777 10500 48 10500 50 10500 52 10500 54 10500 56 10500 58 10500 60 10500 62 10500 64 10500 66 10500 68 10500 70 10500 72 10500
231 995 false - Crossbow Fletching Store - 9438 10500 9440 10500 9442 10500 9444 10500 9446 10500 9448 10500 9450 10500 9452 10500 9420 10500 9423 10500 9425 10500 9427 10500 9429 10500
232 995 false - Projectile Fletching Store - 52 175000 314 175000 39 175000 40 175000 41 175000 42 175000 43 175000 44 175000 819 175000 820 175000 821 175000 822 175000 823 175000 824 175000 9375 175000 9377 175000 9378 175000 9379 175000 9380 175000 9381 175000
233 995 false - Crossbow Store - 837 10500 9174 10500 9177 10500 9179 10500 9181 10500 9183 10500 9185 10500
234 995 false - Skillcape Store - 9747 99000 9750 99000 9753 99000 9756 99000 9759 99000 9762 99000 9765 99000 9768 99000 9771 99000 9774 99000 9777 99000 9780 99000 9783 99000 9786 99000 9789 99000 9792 99000 9795 99000 9798 99000 9801 99000 9804 99000 9807 99000 9810 99000 9948 99000 12169 99000 18508 99000
235 995 false - Trimmed Skillcape Store - 9748 99000 9751 99000 9754 99000 9757 99000 9760 99000 9763 99000 9766 99000 9769 99000 9772 99000 9775 99000 9778 99000 9781 99000 9784 99000 9787 99000 9790 99000 9793 99000 9796 99000 9799 99000 9802 99000 9805 99000 9808 99000 9811 99000 18509 99000 19709 99000
236 995 false - Skill Hood Store - 9749 99000 9752 99000 9755 99000 9758 99000 9761 99000 9764 99000 9767 99000 9770 99000 9773 99000 9776 99000 9779 99000 9782 99000 9785 99000 9788 99000 9791 99000 9794 99000 9797 99000 9800 99000 9803 99000 9806 99000 9809 99000 9812 99000
237 995 false - Potion Store - 2437 175000 2441 175000 2443 175000 2445 175000 3041 175000 2431 175000 21631 175000 2435 175000 3017 175000 3033 175000 9999 175000 12141 175000 2453 175000 2449 175000 6686 175000
238 995 false - Food Store - 316 175000 334 175000 340 175000 352 175000 330 175000 362 175000 380 175000 374 175000 7947 175000 386 175000 392 175000
239 995 false - Helmet Store - 3748 10500 3749 10500 3751 10500 3753 10500 3755 10500 10828 10500
240 995 false - Amulet Store - 1725 10500 1731 10500 1729 10500 1727 10500 1712 10500 6585 10500
241 995 false - General Herblore Store - 233 10500 228 175000
242 995 false - Herb Store - 250 175000 252 175000 254 175000 256 175000 258 175000 2999 175000 12173 175000 260 175000 262 175000 264 175000 3001 175000 266 175000 2482 175000 268 175000 270 175000
243 995 false - Herblore Potion Store - 146 175000 158 175000 164 175000 170 175000 3043 175000 140 175000 3011 175000 12143 175000 2455 175000 176 175000
244 995 false - Ingredient Store - 222 175000 1952 175000 240 175000 248 175000 6019 175000 1471 175000 1473 175000 1475 175000 1477 175000 226 175000 949 175000 238 175000 204 175000 224 175000 2153 175000 9737 175000 232 175000 12110 175000 5004 175000 2971 175000 10110 175000 11525 175000 6050 175000 6052 175000 244 175000 246 175000 3139 175000 9594 175000 12539 175000 21623 175000 14617 175000
245 995 false - Avas Store - 10498 10500 10499 10500
246 995 true - Mos Le'Harmless General Store - 1931 30 1935 10 1735 10 1925 30 1923 10 1887 10 590 10 1755 10 2347 10 550 10 9003 10
247 995 false - Construction Store - 2347 10500 8794 10500 961 175000 8779 175000 8781 175000 8783 175000 1762 175000 3421 175000 8787 175000 4819 175000 4820 175000 1539 175000 4821 175000 4822 175000 4823 175000 4824 175000 8785 175000 8791 175000 8432 175000 8434 175000 8436 175000 8789 175000 1776 175000
248 995 false - Proselyte Armour Store - 9672 10500 9674 10500 9676 10500 9678 10500
249 995 false - Pure Armour Store - 3105 10500 3840 10500 3842 10500 3844 10500 6109 10500 6107 10500 6108 10500 6106 10500 6110 10500 6111 10500
250 995 false - Ring Store - 2550 10500 2572 10500 6583 10500
251 995 false - Cape Store - 6568 10500 2412 10500 2413 10500 2414 10500
252 995 true - Home General Store - 1931 30 1935 10 1735 10 1925 30 1923 10 1887 10 590 10 1755 10 2347 10 550 10 9003 10